episode_reward_mean,episode_len_mean,timesteps_this_iter,done,timesteps_total,episodes_total,training_iteration,experiment_id,date,timestamp,time_this_iter_s,time_total_s,pid,hostname,node_ip,time_since_restore,timesteps_since_restore,iterations_since_restore,trial_id,experiment_tag,info/weights_norm,info/weights_std,info/grad_norm,info/update_ratio,info/episodes_this_iter,info/episodes_so_far,perf/cpu_util_percent,perf/ram_util_percent
385.48447,317.5,1217,False,1217,,1,c67d05ec86694f4995ab405a58350499,2020-01-08_20-18-21,1578514701,53.86772418022156,53.86772418022156,36742,c221379d9cf3,172.18.0.6,53.86772418022156,1217,1,d77938be,0,512.4058,0.08530922,3374.8284,0.025673829,30,30,97.82077922077923,11.901298701298701
368.9007,210.5,1211,False,2428,,2,c67d05ec86694f4995ab405a58350499,2020-01-08_20-18-44,1578514724,22.96014642715454,76.8278706073761,36742,c221379d9cf3,172.18.0.6,76.8278706073761,2428,2,d77938be,0,513.5107,0.08540115,11682.304,0.04774822,30,60,97.32424242424241,11.9
287.54565,116.0,1375,False,3803,,3,c67d05ec86694f4995ab405a58350499,2020-01-08_20-19-11,1578514751,27.118560791015625,103.94643139839172,36742,c221379d9cf3,172.18.0.6,103.94643139839172,3803,3,d77938be,0,514.4145,0.08547628,7865.825,0.03913789,30,90,97.17179487179486,11.899999999999997
263.0283,153.0,1359,False,5162,,4,c67d05ec86694f4995ab405a58350499,2020-01-08_20-20-27,1578514827,76.02867889404297,179.9751102924347,36742,c221379d9cf3,172.18.0.6,179.9751102924347,5162,4,d77938be,0,515.4718,0.08556407,13996.684,0.05216222,30,120,97.70833333333331,11.900000000000007
246.54712,116.0,1438,False,6600,,5,c67d05ec86694f4995ab405a58350499,2020-01-08_20-21-02,1578514862,34.39179825782776,214.36690855026245,36742,c221379d9cf3,172.18.0.6,214.36690855026245,6600,5,d77938be,0,516.53925,0.08565262,10219.253,0.04452532,30,150,97.5061224489796,11.9
222.79842,128.0,1413,False,8013,,6,c67d05ec86694f4995ab405a58350499,2020-01-08_20-21-29,1578514889,27.017791271209717,241.38469982147217,36742,c221379d9cf3,172.18.0.6,241.38469982147217,8013,6,d77938be,0,517.6422,0.085744016,9267.643,0.042357754,30,180,97.68717948717949,11.899999999999997
212.17697,142.0,1548,False,9561,,7,c67d05ec86694f4995ab405a58350499,2020-01-08_20-25-27,1578515127,237.9473738670349,479.3320736885071,36742,c221379d9cf3,172.18.0.6,479.3320736885071,9561,7,d77938be,0,518.3506,0.08580266,8650.634,0.04087983,30,210,97.81209439528024,11.900000000000004
215.80281,184.8,1564,False,11125,,8,c67d05ec86694f4995ab405a58350499,2020-01-08_20-26-06,1578515166,39.630757093429565,518.9628307819366,36742,c221379d9cf3,172.18.0.6,518.9628307819366,11125,8,d77938be,0,519.9215,0.08593258,13939.545,0.051857617,30,240,97.55892857142855,11.900000000000002
217.04932,158.0,1642,False,12767,,9,c67d05ec86694f4995ab405a58350499,2020-01-08_20-26-51,1578515211,44.329325437545776,563.2921562194824,36742,c221379d9cf3,172.18.0.6,563.2921562194824,12767,9,d77938be,0,520.8941,0.08601291,11894.723,0.047830865,30,270,97.3109375,11.900000000000002
231.49747,247.0,1715,False,14482,,10,c67d05ec86694f4995ab405a58350499,2020-01-08_20-29-36,1578515376,165.61668610572815,728.9088423252106,36742,c221379d9cf3,172.18.0.6,728.9088423252106,14482,10,d77938be,0,522.27155,0.08612653,10983.618,0.045919597,30,300,97.65466101694915,11.900000000000006
231.49747,nan,2044,False,16526,,11,c67d05ec86694f4995ab405a58350499,2020-01-08_20-30-00,1578515400,23.429797410964966,752.3386397361755,36742,c221379d9cf3,172.18.0.6,752.3386397361755,16526,11,d77938be,0,523.4148,0.08622074,11811.396,0.04755568,30,330,97.43030303030302,11.9
234.16924,261.5,1897,False,18423,,12,c67d05ec86694f4995ab405a58350499,2020-01-08_20-32-09,1578515529,129.1268424987793,881.4654822349548,36742,c221379d9cf3,172.18.0.6,881.4654822349548,18423,12,d77938be,0,524.50885,0.086310804,11065.854,0.04598005,30,360,97.51847826086957,11.900000000000002
234.16924,nan,2207,False,20630,,13,c67d05ec86694f4995ab405a58350499,2020-01-08_20-32-33,1578515553,23.724452018737793,905.1899342536926,36742,c221379d9cf3,172.18.0.6,905.1899342536926,20630,13,d77938be,0,525.5906,0.086399786,10070.111,0.04381681,30,390,97.47058823529412,11.899999999999999
232.37907,208.0,2316,False,22946,,14,c67d05ec86694f4995ab405a58350499,2020-01-08_20-33-23,1578515603,49.729225873947144,954.9191601276398,36742,c221379d9cf3,172.18.0.6,954.9191601276398,22946,14,d77938be,0,527.0822,0.0865223,11811.8955,0.047406293,30,420,97.69718309859155,11.9
255.11584,214.0,2201,False,25147,,15,c67d05ec86694f4995ab405a58350499,2020-01-08_20-36-09,1578515769,166.23965167999268,1121.1588118076324,36742,c221379d9cf3,172.18.0.6,1121.1588118076324,25147,15,d77938be,0,527.907,0.08658997,10853.913,0.0453789,30,450,97.56160337552743,11.900000000000004
255.11584,nan,2305,False,27452,,16,c67d05ec86694f4995ab405a58350499,2020-01-08_20-36-36,1578515796,26.894492149353027,1148.0533039569855,36742,c221379d9cf3,172.18.0.6,1148.0533039569855,27452,16,d77938be,0,529.21265,0.086697,11807.733,0.04729383,30,480,97.2236842105263,11.899999999999997
268.7705,198.0,2605,False,30057,,17,c67d05ec86694f4995ab405a58350499,2020-01-08_20-37-10,1578515830,33.87763524055481,1181.9309391975403,36742,c221379d9cf3,172.18.0.6,1181.9309391975403,30057,17,d77938be,0,530.76227,0.08682383,14332.874,0.052041713,30,510,97.64897959183672,11.920408163265304
268.7705,nan,2622,False,32679,,18,c67d05ec86694f4995ab405a58350499,2020-01-08_20-37-35,1578515855,25.447105884552002,1207.3780450820923,36742,c221379d9cf3,172.18.0.6,1207.3780450820923,32679,18,d77938be,0,531.974,0.08692289,10432.671,0.04433511,30,540,97.44166666666668,11.977777777777778
268.7705,nan,2977,False,35656,,19,c67d05ec86694f4995ab405a58350499,2020-01-08_20-38-11,1578515891,35.662312030792236,1243.0403571128845,36742,c221379d9cf3,172.18.0.6,1243.0403571128845,35656,19,d77938be,0,532.7184,0.086983666,8569.506,0.040135864,30,570,96.81568627450982,11.990196078431373
284.62183,205.0,3615,False,39271,,20,c67d05ec86694f4995ab405a58350499,2020-01-08_20-38-47,1578515927,35.89980387687683,1278.9401609897614,36742,c221379d9cf3,172.18.0.6,1278.9401609897614,39271,20,d77938be,0,533.4012,0.0870394,8936.567,0.04095779,30,600,97.36666666666665,11.998039215686275
284.62183,nan,3493,False,42764,,21,c67d05ec86694f4995ab405a58350499,2020-01-08_20-39-22,1578515962,35.365659952163696,1314.305820941925,36742,c221379d9cf3,172.18.0.6,1314.305820941925,42764,21,d77938be,0,534.7544,0.08714971,13772.039,0.050812677,30,630,97.39000000000001,11.998
307.42474,201.0,4102,False,46866,,22,c67d05ec86694f4995ab405a58350499,2020-01-08_20-39-51,1578515991,29.089238166809082,1343.3950591087341,36742,c221379d9cf3,172.18.0.6,1343.3950591087341,46866,22,d77938be,0,535.3809,0.08720075,6756.689,0.03554592,30,660,97.22619047619048,11.995238095238095
326.02576,207.0,4533,False,51399,,23,c67d05ec86694f4995ab405a58350499,2020-01-08_20-40-21,1578516021,30.12282681465149,1373.5178859233856,36742,c221379d9cf3,172.18.0.6,1373.5178859233856,51399,23,d77938be,0,536.5041,0.08729219,10924.204,0.045171395,30,690,97.01162790697674,12.0
337.607,229.0,4262,False,55661,,24,c67d05ec86694f4995ab405a58350499,2020-01-08_20-40-51,1578516051,29.317193031311035,1402.8350789546967,36742,c221379d9cf3,172.18.0.6,1402.8350789546967,55661,24,d77938be,0,537.794,0.08739707,13293.09,0.049776744,30,720,97.12619047619049,12.0
355.93365,293.6666666666667,5062,False,60723,,25,c67d05ec86694f4995ab405a58350499,2020-01-08_20-43-01,1578516181,130.1627585887909,1532.9978375434875,36742,c221379d9cf3,172.18.0.6,1532.9978375434875,60723,25,d77938be,0,538.44946,0.087450296,6833.5723,0.035646424,30,750,97.5572972972973,12.0
359.47122,279.5,5200,False,65923,,26,c67d05ec86694f4995ab405a58350499,2020-01-08_20-43-33,1578516213,31.686666011810303,1564.6845035552979,36742,c221379d9cf3,172.18.0.6,1564.6845035552979,65923,26,d77938be,0,539.88367,0.08756669,14042.161,0.051067494,30,780,97.66000000000001,12.0
367.3242,325.0,5468,False,71391,,27,c67d05ec86694f4995ab405a58350499,2020-01-08_20-44-07,1578516247,34.49571681022644,1599.1802203655243,36742,c221379d9cf3,172.18.0.6,1599.1802203655243,71391,27,d77938be,0,541.264,0.08767855,11682.441,0.04651753,30,810,97.65,12.0
367.3242,nan,6358,False,77749,,28,c67d05ec86694f4995ab405a58350499,2020-01-08_20-44-39,1578516279,31.775266647338867,1630.9554870128632,36742,c221379d9cf3,172.18.0.6,1630.9554870128632,77749,28,d77938be,0,542.2642,0.08775953,10946.759,0.044971593,30,840,97.36222222222223,12.0
382.36768,328.0,6393,False,84142,,29,c67d05ec86694f4995ab405a58350499,2020-01-08_20-45-15,1578516315,36.267635107040405,1667.2231221199036,36742,c221379d9cf3,172.18.0.6,1667.2231221199036,84142,29,d77938be,0,543.44525,0.08785505,10160.44,0.04328634,30,870,97.52692307692308,12.0
397.99902,339.5,6869,False,91011,,30,c67d05ec86694f4995ab405a58350499,2020-01-08_20-45-51,1578516351,35.605536460876465,1702.82865858078,36742,c221379d9cf3,172.18.0.6,1702.82865858078,91011,30,d77938be,0,544.4542,0.08793655,8924.061,0.04052316,30,900,97.612,12.0
418.8233,346.0,7857,False,98868,,31,c67d05ec86694f4995ab405a58350499,2020-01-08_20-46-32,1578516392,41.42636203765869,1744.2550206184387,36742,c221379d9cf3,172.18.0.6,1744.2550206184387,98868,31,d77938be,0,545.5717,0.088026755,9305.934,0.041342735,30,930,97.56666666666666,12.0
418.8233,nan,6904,False,105772,,32,c67d05ec86694f4995ab405a58350499,2020-01-08_20-47-06,1578516426,33.93735456466675,1778.1923751831055,36742,c221379d9cf3,172.18.0.6,1778.1923751831055,105772,32,d77938be,0,546.5095,0.08810235,7528.3486,0.037147027,30,960,97.175,12.0
418.8233,nan,6474,False,112246,,33,c67d05ec86694f4995ab405a58350499,2020-01-08_20-47-39,1578516459,33.222585916519165,1811.4149610996246,36742,c221379d9cf3,172.18.0.6,1811.4149610996246,112246,33,d77938be,0,547.6396,0.088193364,9446.306,0.041574996,30,990,97.67659574468084,12.0
438.64136,352.0,7741,False,119987,,34,c67d05ec86694f4995ab405a58350499,2020-01-08_20-48-17,1578516497,37.8723840713501,1849.2873451709747,36742,c221379d9cf3,172.18.0.6,1849.2873451709747,119987,34,d77938be,0,548.46674,0.08825999,10477.121,0.04373948,30,1020,97.4703703703704,12.0
464.6247,363.5,9035,False,129022,,35,c67d05ec86694f4995ab405a58350499,2020-01-08_20-48-58,1578516538,40.575210094451904,1889.8625552654266,36742,c221379d9cf3,172.18.0.6,1889.8625552654266,129022,35,d77938be,0,549.84155,0.08837053,12098.3545,0.04696647,30,1050,97.31206896551723,12.0
496.45758,413.0,8497,False,137519,,36,c67d05ec86694f4995ab405a58350499,2020-01-08_20-49-38,1578516578,39.811694383621216,1929.6742496490479,36742,c221379d9cf3,172.18.0.6,1929.6742496490479,137519,36,d77938be,0,550.9279,0.0884578,13321.917,0.049222607,30,1080,97.74912280701754,12.0
520.46466,366.5,9880,False,147399,,37,c67d05ec86694f4995ab405a58350499,2020-01-08_20-50-26,1578516626,48.32039284706116,1977.994642496109,36742,c221379d9cf3,172.18.0.6,1977.994642496109,147399,37,d77938be,0,551.83997,0.088530995,9151.149,0.040755887,30,1110,97.37246376811594,12.0
520.46466,nan,9866,False,157265,,38,c67d05ec86694f4995ab405a58350499,2020-01-08_20-51-06,1578516666,40.115461587905884,2018.110104084015,36742,c221379d9cf3,172.18.0.6,2018.110104084015,157265,38,d77938be,0,552.54846,0.08858782,5903.7246,0.032708183,30,1140,97.6298245614035,12.0
520.46466,nan,9375,False,166640,,39,c67d05ec86694f4995ab405a58350499,2020-01-08_20-51-49,1578516709,42.77498745918274,2060.8850915431976,36742,c221379d9cf3,172.18.0.6,2060.8850915431976,166640,39,d77938be,0,553.9464,0.08869978,13341.847,0.049138613,30,1170,97.60163934426228,12.0
520.46466,nan,10277,False,176917,,40,c67d05ec86694f4995ab405a58350499,2020-01-08_20-52-30,1578516750,40.82296800613403,2101.7080595493317,36742,c221379d9cf3,172.18.0.6,2101.7080595493317,176917,40,d77938be,0,554.3056,0.08872855,5706.3306,0.032095533,30,1200,97.54482758620689,12.0
520.46466,nan,9295,False,186212,,41,c67d05ec86694f4995ab405a58350499,2020-01-08_20-53-08,1578516788,38.209681272506714,2139.9177408218384,36742,c221379d9cf3,172.18.0.6,2139.9177408218384,186212,41,d77938be,0,554.986,0.088782996,6669.5767,0.034687616,30,1230,97.3890909090909,12.0
542.29736,383.0,9580,False,195792,,42,c67d05ec86694f4995ab405a58350499,2020-01-08_20-53-50,1578516830,42.09326505661011,2182.0110058784485,36742,c221379d9cf3,172.18.0.6,2182.0110058784485,195792,42,d77938be,0,555.57104,0.08882976,5855.3467,0.032481443,30,1260,97.61833333333333,12.0
563.06494,369.6,11163,False,206955,,43,c67d05ec86694f4995ab405a58350499,2020-01-08_20-54-40,1578516880,49.32939672470093,2231.3404026031494,36742,c221379d9cf3,172.18.0.6,2231.3404026031494,206955,43,d77938be,0,556.6876,0.08891901,9675.486,0.041731756,30,1290,97.67714285714285,12.0
577.9989,381.0,10699,False,217654,,44,c67d05ec86694f4995ab405a58350499,2020-01-08_20-55-23,1578516923,43.7233362197876,2275.063738822937,36742,c221379d9cf3,172.18.0.6,2275.063738822937,217654,44,d77938be,0,557.6322,0.08899439,12923.658,0.048182234,30,1320,97.35396825396826,12.0
577.9989,nan,10613,False,228267,,45,c67d05ec86694f4995ab405a58350499,2020-01-08_20-56-05,1578516965,41.688653230667114,2316.752392053604,36742,c221379d9cf3,172.18.0.6,2316.752392053604,228267,45,d77938be,0,558.193,0.08903916,5507.675,0.03142753,30,1350,97.39830508474577,12.0
591.42346,369.0,12439,False,240706,,46,c67d05ec86694f4995ab405a58350499,2020-01-08_20-56-54,1578517014,48.82988405227661,2365.5822761058807,36742,c221379d9cf3,172.18.0.6,2365.5822761058807,240706,46,d77938be,0,559.2648,0.08912458,10307.045,0.04297095,30,1380,97.60142857142857,12.0
603.05005,374.5,11417,False,252123,,47,c67d05ec86694f4995ab405a58350499,2020-01-08_20-57-40,1578517060,46.099178075790405,2411.681454181671,36742,c221379d9cf3,172.18.0.6,2411.681454181671,252123,47,d77938be,0,560.4627,0.08921993,11473.988,0.045294818,30,1410,97.36769230769232,12.0
613.3436,389.3333333333333,10990,False,263113,,48,c67d05ec86694f4995ab405a58350499,2020-01-08_20-58-27,1578517107,46.57835388183594,2458.259808063507,36742,c221379d9cf3,172.18.0.6,2458.259808063507,263113,48,d77938be,0,561.78394,0.08932505,9944.028,0.042121887,30,1440,97.29253731343285,12.0
625.3168,413.5,10700,False,273813,,49,c67d05ec86694f4995ab405a58350499,2020-01-08_20-59-11,1578517151,44.89816379547119,2503.1579718589783,36742,c221379d9cf3,172.18.0.6,2503.1579718589783,273813,49,d77938be,0,562.79266,0.08940521,9400.899,0.040907215,30,1470,97.18125,12.0
625.3168,nan,10867,False,284680,,50,c67d05ec86694f4995ab405a58350499,2020-01-08_20-59-53,1578517193,41.40002131462097,2544.5579931735992,36742,c221379d9cf3,172.18.0.6,2544.5579931735992,284680,50,d77938be,0,563.6567,0.0894738,9958.1875,0.042064518,30,1500,97.13220338983052,12.0
625.3168,nan,11215,False,295895,,51,c67d05ec86694f4995ab405a58350499,2020-01-08_21-00-35,1578517235,42.31097722053528,2586.8689703941345,36742,c221379d9cf3,172.18.0.6,2586.8689703941345,295895,51,d77938be,0,565.07623,0.08958637,12748.729,0.047558278,30,1530,97.59333333333335,12.0
631.1995,393.0,11179,False,307074,,52,c67d05ec86694f4995ab405a58350499,2020-01-08_21-01-19,1578517279,43.95852756500244,2630.827497959137,36742,c221379d9cf3,172.18.0.6,2630.827497959137,307074,52,d77938be,0,566.18066,0.089673825,9518.013,0.041041166,30,1560,97.38095238095238,12.0
631.1995,nan,11039,False,318113,,53,c67d05ec86694f4995ab405a58350499,2020-01-08_21-02-01,1578517321,42.041934967041016,2672.869432926178,36742,c221379d9cf3,172.18.0.6,2672.869432926178,318113,53,d77938be,0,567.5434,0.08978168,12177.078,0.04637608,30,1590,97.33333333333333,12.0
631.8658,402.3333333333333,740496,True,1058609,,54,c67d05ec86694f4995ab405a58350499,2020-01-08_21-40-21,1578519621,2299.7721614837646,4972.641594409943,36742,c221379d9cf3,172.18.0.6,4972.641594409943,1058609,54,d77938be,0,568.6188,0.08986671,9680.024,0.041298926,30,1620,97.65225747406954,12.053203172666258
