episode_reward_mean,episode_len_mean,timesteps_this_iter,done,timesteps_total,episodes_total,training_iteration,experiment_id,date,timestamp,time_this_iter_s,time_total_s,pid,hostname,node_ip,time_since_restore,timesteps_since_restore,iterations_since_restore,trial_id,experiment_tag,info/weights_norm,info/weights_std,info/grad_norm,info/update_ratio,info/episodes_this_iter,info/episodes_so_far,perf/cpu_util_percent,perf/ram_util_percent
nan,nan,1399,False,1399,,1,c1f25d72f9804e3f81db92af684d99f1,2020-01-09_21-45-20,1578606320,30.262354373931885,30.262354373931885,14823,c221379d9cf3,172.18.0.6,30.262354373931885,1399,1,3b7f189e,0,513.0626,0.08536291,10694.948,0.045704007,30,30,11.134090909090908,9.013636363636365
252.5516,201.0,1227,False,2626,,2,c1f25d72f9804e3f81db92af684d99f1,2020-01-09_21-45-51,1578606351,30.643989086151123,60.90634346008301,14823,c221379d9cf3,172.18.0.6,60.90634346008301,2626,2,3b7f189e,0,513.6617,0.085412696,9925.512,0.043983642,30,60,12.069767441860465,9.093023255813955
217.05125,112.0,1348,False,3974,,3,c1f25d72f9804e3f81db92af684d99f1,2020-01-09_21-46-30,1578606390,39.35170769691467,100.25805115699768,14823,c221379d9cf3,172.18.0.6,100.25805115699768,3974,3,3b7f189e,0,514.89935,0.08551556,9327.065,0.042612206,30,90,12.24642857142857,9.098214285714286
217.05125,nan,1315,False,5289,,4,c1f25d72f9804e3f81db92af684d99f1,2020-01-09_21-46-46,1578606406,15.411277532577515,115.6693286895752,14823,c221379d9cf3,172.18.0.6,115.6693286895752,5289,4,3b7f189e,0,515.4504,0.085561335,7217.6177,0.03744,30,120,10.504545454545452,9.095454545454544
217.05125,nan,1302,False,6591,,5,c1f25d72f9804e3f81db92af684d99f1,2020-01-09_21-47-02,1578606422,16.82673406600952,132.49606275558472,14823,c221379d9cf3,172.18.0.6,132.49606275558472,6591,5,3b7f189e,0,516.1382,0.085618466,5124.468,0.031530503,30,150,10.558333333333334,9.1
178.3575,86.0,1346,False,7937,,6,c1f25d72f9804e3f81db92af684d99f1,2020-01-09_21-47-46,1578606466,43.228245973587036,175.72430872917175,14823,c221379d9cf3,172.18.0.6,175.72430872917175,7937,6,3b7f189e,0,517.5643,0.08573671,12978.052,0.05014432,30,180,12.162903225806451,9.100000000000003
162.10382,72.0,1437,False,9374,,7,c1f25d72f9804e3f81db92af684d99f1,2020-01-09_21-48-02,1578606482,16.38848638534546,192.1127951145172,14823,c221379d9cf3,172.18.0.6,192.1127951145172,9374,7,3b7f189e,0,518.82214,0.085840896,13615.652,0.051290512,30,210,10.152173913043478,9.099999999999998
156.11461,85.0,1402,False,10776,,8,c1f25d72f9804e3f81db92af684d99f1,2020-01-09_21-48-21,1578606501,19.05133628845215,211.16413140296936,14823,c221379d9cf3,172.18.0.6,211.16413140296936,10776,8,3b7f189e,0,519.7911,0.08592089,11268.527,0.046604116,30,240,10.739285714285714,9.099999999999998
162.33891,121.0,1363,False,12139,,9,c1f25d72f9804e3f81db92af684d99f1,2020-01-09_21-48-35,1578606515,14.243326663970947,225.4074580669403,14823,c221379d9cf3,172.18.0.6,225.4074580669403,12139,9,3b7f189e,0,520.4288,0.08597364,6371.361,0.035010766,30,270,9.989999999999998,9.099999999999998
178.8131,182.0,1493,False,13632,,10,c1f25d72f9804e3f81db92af684d99f1,2020-01-09_21-48-52,1578606532,16.559943199157715,241.96740126609802,14823,c221379d9cf3,172.18.0.6,241.96740126609802,13632,10,3b7f189e,0,521.5901,0.08606959,8608.138,0.040669978,30,300,10.256521739130434,9.099999999999998
192.1779,191.0,1588,False,15220,,11,c1f25d72f9804e3f81db92af684d99f1,2020-01-09_21-49-14,1578606554,21.718862533569336,263.68626379966736,14823,c221379d9cf3,172.18.0.6,263.68626379966736,15220,11,3b7f189e,0,522.4374,0.08613944,8699.186,0.040838953,30,330,11.170967741935485,9.100000000000001
193.24089,120.5,1546,False,16766,,12,c1f25d72f9804e3f81db92af684d99f1,2020-01-09_21-49-33,1578606573,18.805250644683838,282.4915144443512,14823,c221379d9cf3,172.18.0.6,282.4915144443512,16766,12,3b7f189e,0,523.7088,0.08624415,11679.025,0.047280956,30,360,10.474074074074075,9.099999999999998
206.11055,182.33333333333334,1664,False,18430,,13,c1f25d72f9804e3f81db92af684d99f1,2020-01-09_21-49-49,1578606589,16.12172031402588,298.6132347583771,14823,c221379d9cf3,172.18.0.6,298.6132347583771,18430,13,3b7f189e,0,524.7234,0.086327635,10488.1875,0.044751264,30,390,9.795652173913043,9.099999999999998
206.11055,nan,1540,False,19970,,14,c1f25d72f9804e3f81db92af684d99f1,2020-01-09_21-50-03,1578606603,14.351484060287476,312.96471881866455,14823,c221379d9cf3,172.18.0.6,312.96471881866455,19970,14,3b7f189e,0,525.55176,0.08639572,6787.675,0.035966262,30,420,9.900000000000002,9.099999999999998
215.22124,201.5,1735,False,21705,,15,c1f25d72f9804e3f81db92af684d99f1,2020-01-09_21-50-19,1578606619,15.654392719268799,328.61911153793335,14823,c221379d9cf3,172.18.0.6,328.61911153793335,21705,15,3b7f189e,0,526.79785,0.08649807,11799.113,0.047382396,30,450,9.981818181818182,9.099999999999998
215.22124,nan,1734,False,23439,,16,c1f25d72f9804e3f81db92af684d99f1,2020-01-09_21-50-35,1578606635,15.80172061920166,344.420832157135,14823,c221379d9cf3,172.18.0.6,344.420832157135,23439,16,3b7f189e,0,527.67615,0.08657012,9215.55,0.041825254,30,480,10.321739130434782,9.099999999999998
215.22124,nan,1739,False,25178,,17,c1f25d72f9804e3f81db92af684d99f1,2020-01-09_21-50-49,1578606649,14.400068044662476,358.8209002017975,14823,c221379d9cf3,172.18.0.6,358.8209002017975,25178,17,3b7f189e,0,528.8644,0.08666748,13315.97,0.050234564,30,510,9.799999999999999,9.099999999999998
229.93413,202.0,2008,False,27186,,18,c1f25d72f9804e3f81db92af684d99f1,2020-01-09_21-51-06,1578606666,16.57839035987854,375.399290561676,14823,c221379d9cf3,172.18.0.6,375.399290561676,27186,18,3b7f189e,0,530.04193,0.08676406,9714.243,0.04285805,30,540,9.941666666666666,9.1
252.22612,202.0,1955,False,29141,,19,c1f25d72f9804e3f81db92af684d99f1,2020-01-09_21-51-22,1578606682,16.059678316116333,391.45896887779236,14823,c221379d9cf3,172.18.0.6,391.45896887779236,29141,19,3b7f189e,0,531.0664,0.08684794,9969.295,0.043368775,30,570,9.656521739130437,9.099999999999998
274.9843,204.0,2620,False,31761,,20,c1f25d72f9804e3f81db92af684d99f1,2020-01-09_21-51-45,1578606705,23.647400379180908,415.10636925697327,14823,c221379d9cf3,172.18.0.6,415.10636925697327,31761,20,3b7f189e,0,532.33325,0.08695147,12204.394,0.047938418,30,600,11.006060606060606,9.1
295.1552,205.5,2535,False,34296,,21,c1f25d72f9804e3f81db92af684d99f1,2020-01-09_21-52-03,1578606723,17.26278591156006,432.3691551685333,14823,c221379d9cf3,172.18.0.6,432.3691551685333,34296,21,3b7f189e,0,533.35425,0.08703486,10847.147,0.045140464,30,630,9.684,9.1
295.1552,nan,3019,False,37315,,22,c1f25d72f9804e3f81db92af684d99f1,2020-01-09_21-52-18,1578606738,15.832298755645752,448.2014539241791,14823,c221379d9cf3,172.18.0.6,448.2014539241791,37315,22,3b7f189e,0,534.51953,0.0871298,11580.286,0.046596337,30,660,9.773913043478261,9.099999999999998
295.1552,nan,3644,False,40959,,23,c1f25d72f9804e3f81db92af684d99f1,2020-01-09_21-52-36,1578606756,17.333263874053955,465.53471779823303,14823,c221379d9cf3,172.18.0.6,465.53471779823303,40959,23,3b7f189e,0,535.27246,0.087191194,9154.01,0.04138319,30,690,9.708333333333334,9.1
295.1552,nan,2994,False,43953,,24,c1f25d72f9804e3f81db92af684d99f1,2020-01-09_21-52-52,1578606772,15.999837636947632,481.53455543518066,14823,c221379d9cf3,172.18.0.6,481.53455543518066,43953,24,3b7f189e,0,536.34753,0.08727863,10708.357,0.044727437,30,720,9.869565217391305,9.099999999999998
309.8183,209.0,3741,False,47694,,25,c1f25d72f9804e3f81db92af684d99f1,2020-01-09_21-53-10,1578606790,18.031115531921387,499.56567096710205,14823,c221379d9cf3,172.18.0.6,499.56567096710205,47694,25,3b7f189e,0,536.9722,0.087329306,9588.548,0.04228178,30,750,9.526923076923076,9.099999999999998
309.8183,nan,4257,False,51951,,26,c1f25d72f9804e3f81db92af684d99f1,2020-01-09_21-53-27,1578606807,17.615622758865356,517.1812937259674,14823,c221379d9cf3,172.18.0.6,517.1812937259674,51951,26,3b7f189e,0,538.295,0.08743677,11234.751,0.045741018,30,780,9.607999999999999,9.1
320.32263,258.0,4953,False,56904,,27,c1f25d72f9804e3f81db92af684d99f1,2020-01-09_21-53-47,1578606827,19.476213693618774,536.6575074195862,14823,c221379d9cf3,172.18.0.6,536.6575074195862,56904,27,3b7f189e,0,539.5483,0.08753855,12578.263,0.048339278,30,810,9.571428571428573,9.099999999999998
330.3956,278.5,5814,False,62718,,28,c1f25d72f9804e3f81db92af684d99f1,2020-01-09_21-54-08,1578606848,21.14435577392578,557.801863193512,14823,c221379d9cf3,172.18.0.6,557.801863193512,62718,28,3b7f189e,0,540.765,0.08763727,12147.592,0.04744932,30,840,9.533333333333335,9.1
330.3956,nan,6590,False,69308,,29,c1f25d72f9804e3f81db92af684d99f1,2020-01-09_21-54-29,1578606869,20.792996168136597,578.5948593616486,14823,c221379d9cf3,172.18.0.6,578.5948593616486,69308,29,3b7f189e,0,541.46387,0.087694,8711.199,0.040136058,30,870,9.433333333333334,9.1
357.94556,338.6,6124,False,75432,,30,c1f25d72f9804e3f81db92af684d99f1,2020-01-09_21-54-53,1578606893,24.25582766532898,602.8506870269775,14823,c221379d9cf3,172.18.0.6,602.8506870269775,75432,30,3b7f189e,0,543.0214,0.087820046,13228.072,0.04942693,30,900,9.476470588235294,9.100000000000001
416.9628,562.0,7337,False,82769,,31,c1f25d72f9804e3f81db92af684d99f1,2020-01-09_21-55-16,1578606916,22.816875219345093,625.6675622463226,14823,c221379d9cf3,172.18.0.6,625.6675622463226,82769,31,3b7f189e,0,543.91016,0.087891795,8694.261,0.04001363,30,930,9.566666666666666,9.1
439.74707,370.0,7768,False,90537,,32,c1f25d72f9804e3f81db92af684d99f1,2020-01-09_21-55-39,1578606939,23.483660221099854,649.1512224674225,14823,c221379d9cf3,172.18.0.6,649.1512224674225,90537,32,3b7f189e,0,545.0981,0.087987676,9329.803,0.041416433,30,960,9.496969696969698,9.1
463.5473,363.0,9337,False,99874,,33,c1f25d72f9804e3f81db92af684d99f1,2020-01-09_21-56-06,1578606966,26.423362493515015,675.5745849609375,14823,c221379d9cf3,172.18.0.6,675.5745849609375,99874,33,3b7f189e,0,546.2868,0.08808362,11997.405,0.046914402,30,990,9.460526315789474,9.100000000000003
494.04434,383.6666666666667,8017,False,107891,,34,c1f25d72f9804e3f81db92af684d99f1,2020-01-09_21-56-31,1578606991,25.386794328689575,700.9613792896271,14823,c221379d9cf3,172.18.0.6,700.9613792896271,107891,34,3b7f189e,0,546.7868,0.08812389,4997.355,0.030245425,30,1020,9.569444444444448,9.100000000000001
543.0467,491.5,7947,False,115838,,35,c1f25d72f9804e3f81db92af684d99f1,2020-01-09_21-56-59,1578607019,27.25534415245056,728.2167234420776,14823,c221379d9cf3,172.18.0.6,728.2167234420776,115838,35,3b7f189e,0,547.5264,0.08818352,6885.756,0.035486795,30,1050,9.433333333333334,9.100000000000003
543.0467,nan,7530,False,123368,,36,c1f25d72f9804e3f81db92af684d99f1,2020-01-09_21-57-21,1578607041,22.414327383041382,750.631050825119,14823,c221379d9cf3,172.18.0.6,750.631050825119,123368,36,3b7f189e,0,548.189,0.08823693,10893.674,0.044605117,30,1080,9.543750000000001,9.1
543.0467,nan,8678,False,132046,,37,c1f25d72f9804e3f81db92af684d99f1,2020-01-09_21-57-45,1578607065,24.03775429725647,774.6688051223755,14823,c221379d9cf3,172.18.0.6,774.6688051223755,132046,37,3b7f189e,0,549.63904,0.088353604,11731.148,0.046259947,30,1110,9.573529411764707,9.100000000000001
594.3899,507.0,8188,False,140234,,38,c1f25d72f9804e3f81db92af684d99f1,2020-01-09_21-58-09,1578607089,24.12972927093506,798.7985343933105,14823,c221379d9cf3,172.18.0.6,798.7985343933105,140234,38,3b7f189e,0,551.3494,0.08849102,16094.169,0.054112226,30,1140,9.585714285714285,9.100000000000001
625.7567,385.0,8975,False,149209,,39,c1f25d72f9804e3f81db92af684d99f1,2020-01-09_21-58-34,1578607114,25.069281816482544,823.8678162097931,14823,c221379d9cf3,172.18.0.6,823.8678162097931,149209,39,3b7f189e,0,552.66144,0.08859625,12764.215,0.04811534,30,1170,9.511428571428572,9.100000000000001
625.7567,nan,10481,False,159690,,40,c1f25d72f9804e3f81db92af684d99f1,2020-01-09_21-59-01,1578607141,27.07266116142273,850.9404773712158,14823,c221379d9cf3,172.18.0.6,850.9404773712158,159690,40,3b7f189e,0,553.0336,0.08862598,6408.9346,0.03405362,30,1200,9.569230769230769,9.100000000000003
625.7567,nan,9235,False,168925,,41,c1f25d72f9804e3f81db92af684d99f1,2020-01-09_21-59-27,1578607167,25.26274037361145,876.2032177448273,14823,c221379d9cf3,172.18.0.6,876.2032177448273,168925,41,3b7f189e,0,554.39825,0.08873527,12486.747,0.047516987,30,1230,9.566666666666666,9.100000000000001
641.15466,338.5,1005300,True,1174225,,42,c1f25d72f9804e3f81db92af684d99f1,2020-01-09_22-26-41,1578608801,1634.47056889534,2510.6737866401672,14823,c221379d9cf3,172.18.0.6,2510.6737866401672,1174225,42,3b7f189e,0,555.2181,0.08880088,9699.239,0.04182712,30,1260,9.829068269643624,9.100000000000001
