episode_reward_mean,episode_len_mean,timesteps_this_iter,done,timesteps_total,episodes_total,training_iteration,experiment_id,date,timestamp,time_this_iter_s,time_total_s,pid,hostname,node_ip,time_since_restore,timesteps_since_restore,iterations_since_restore,trial_id,experiment_tag,info/weights_norm,info/weights_std,info/grad_norm,info/update_ratio,info/episodes_this_iter,info/episodes_so_far,perf/cpu_util_percent,perf/ram_util_percent
nan,nan,1336,False,1336,,1,0577f57d03384375be63f5cbfd2372ad,2020-01-12_17-03-38,1578848618,10.9814612865448,10.9814612865448,74118,c221379d9cf3,172.18.0.6,10.9814612865448,1336,1,6bd48926,0,512.369,0.08530606,5172.7017,0.031785097,40,40,18.125,9.575
211.0,211.0,1647,False,2983,,2,0577f57d03384375be63f5cbfd2372ad,2020-01-12_17-04-10,1578848650,31.79680061340332,42.77826189994812,74118,c221379d9cf3,172.18.0.6,42.77826189994812,2983,2,6bd48926,0,513.30383,0.085383855,7904.661,0.039278083,40,80,15.986666666666663,9.7
203.1,195.2,1768,False,4751,,3,0577f57d03384375be63f5cbfd2372ad,2020-01-12_17-04-36,1578848676,25.990659713745117,68.76892161369324,74118,c221379d9cf3,172.18.0.6,68.76892161369324,4751,3,6bd48926,0,514.4067,0.085475504,8161.753,0.03987534,40,120,16.34736842105263,9.69736842105263
187.56667,156.5,1705,False,6456,,4,0577f57d03384375be63f5cbfd2372ad,2020-01-12_17-04-57,1578848697,21.08959937095642,89.85852098464966,74118,c221379d9cf3,172.18.0.6,89.85852098464966,6456,4,6bd48926,0,515.02057,0.085526496,5853.01,0.03373156,40,160,17.496666666666666,9.699999999999998
188.925,193.0,1778,False,8234,,5,0577f57d03384375be63f5cbfd2372ad,2020-01-12_17-05-00,1578848700,3.0201427936553955,92.87866377830505,74118,c221379d9cf3,172.18.0.6,92.87866377830505,8234,5,6bd48926,0,515.7907,0.085590415,6444.006,0.0353725,40,200,28.225,9.7
182.44,156.5,1852,False,10086,,6,0577f57d03384375be63f5cbfd2372ad,2020-01-12_17-05-14,1578848714,13.623993158340454,106.50265693664551,74118,c221379d9cf3,172.18.0.6,106.50265693664551,10086,6,6bd48926,0,516.35474,0.08563722,6320.9336,0.035006914,40,240,16.921052631578945,9.69473684210526
181.53333,177.0,1990,False,12076,,7,0577f57d03384375be63f5cbfd2372ad,2020-01-12_17-05-17,1578848717,2.8435137271881104,109.34617066383362,74118,c221379d9cf3,172.18.0.6,109.34617066383362,12076,7,6bd48926,0,517.2405,0.08571064,8471.096,0.040503792,40,280,25.05,9.674999999999999
182.88571,191.0,2220,False,14296,,8,0577f57d03384375be63f5cbfd2372ad,2020-01-12_17-05-27,1578848727,9.818618297576904,119.16478896141052,74118,c221379d9cf3,172.18.0.6,119.16478896141052,14296,8,6bd48926,0,518.5086,0.085815646,8798.639,0.04124407,40,320,20.185714285714287,9.692857142857145
185.275,202.0,2172,False,16468,,9,0577f57d03384375be63f5cbfd2372ad,2020-01-12_17-05-47,1578848747,20.073543787002563,139.2383327484131,74118,c221379d9cf3,172.18.0.6,139.2383327484131,16468,9,6bd48926,0,519.3045,0.085881494,10680.2295,0.045384996,40,360,17.79655172413793,9.69655172413793
187.13333,202.0,2412,False,18880,,10,0577f57d03384375be63f5cbfd2372ad,2020-01-12_17-05-49,1578848749,2.328953742980957,141.56728649139404,74118,c221379d9cf3,172.18.0.6,141.56728649139404,18880,10,6bd48926,0,519.8516,0.08592673,7608.0107,0.03827582,40,400,26.266666666666666,9.7
188.58665,201.66666666666666,2723,False,21603,,11,0577f57d03384375be63f5cbfd2372ad,2020-01-12_17-05-52,1578848752,3.0287883281707764,144.59607481956482,74118,c221379d9cf3,172.18.0.6,144.59607481956482,21603,11,6bd48926,0,520.7083,0.08599753,9574.318,0.042915504,40,440,29.5,9.679999999999998
188.58665,nan,3259,False,24862,,12,0577f57d03384375be63f5cbfd2372ad,2020-01-12_17-05-54,1578848754,2.051546812057495,146.64762163162231,74118,c221379d9cf3,172.18.0.6,146.64762163162231,24862,12,6bd48926,0,521.57874,0.086069375,7931.2427,0.039027743,40,480,33.46666666666666,9.666666666666666
188.28665,208.0,3032,False,27894,,13,0577f57d03384375be63f5cbfd2372ad,2020-01-12_17-05-57,1578848757,3.226608991622925,149.87423062324524,74118,c221379d9cf3,172.18.0.6,149.87423062324524,27894,13,6bd48926,0,522.3933,0.08613656,8443.66,0.040235136,40,520,29.6,9.7
188.28665,nan,3466,False,31360,,14,0577f57d03384375be63f5cbfd2372ad,2020-01-12_17-05-59,1578848759,1.988069772720337,151.86230039596558,74118,c221379d9cf3,172.18.0.6,151.86230039596558,31360,14,6bd48926,0,523.2062,0.08620354,10320.846,0.044448677,40,560,28.73333333333333,9.7
188.86667,201.0,3939,False,35299,,15,0577f57d03384375be63f5cbfd2372ad,2020-01-12_17-06-02,1578848762,2.4073851108551025,154.26968550682068,74118,c221379d9cf3,172.18.0.6,154.26968550682068,35299,15,6bd48926,0,523.8054,0.086252905,7196.545,0.037087336,40,600,31.775,9.7
193.31668,201.0,3636,False,38935,,16,0577f57d03384375be63f5cbfd2372ad,2020-01-12_17-06-08,1578848768,6.6521382331848145,160.9218237400055,74118,c221379d9cf3,172.18.0.6,160.9218237400055,38935,16,6bd48926,0,524.6349,0.08632118,7143.657,0.03692966,40,640,21.91111111111111,9.7
193.21667,192.0,3821,False,42756,,17,0577f57d03384375be63f5cbfd2372ad,2020-01-12_17-06-11,1578848771,2.5790579319000244,163.50088167190552,74118,c221379d9cf3,172.18.0.6,163.50088167190552,42756,17,6bd48926,0,525.4527,0.08638844,8846.252,0.041063037,40,680,28.724999999999998,9.7
197.73334,201.66666666666666,4893,False,47649,,18,0577f57d03384375be63f5cbfd2372ad,2020-01-12_17-06-14,1578848774,2.8704185485839844,166.3713002204895,74118,c221379d9cf3,172.18.0.6,166.3713002204895,47649,18,6bd48926,0,526.49805,0.08647431,8143.7324,0.039368153,40,720,29.375,9.7
200.6,205.66666666666666,5020,False,52669,,19,0577f57d03384375be63f5cbfd2372ad,2020-01-12_17-06-17,1578848777,3.159332036972046,169.53063225746155,74118,c221379d9cf3,172.18.0.6,169.53063225746155,52669,19,6bd48926,0,526.9429,0.086510815,4932.1553,0.030606944,40,760,30.65,9.7
201.66666,201.66666666666666,5952,False,58621,,20,0577f57d03384375be63f5cbfd2372ad,2020-01-12_17-06-20,1578848780,3.2164835929870605,172.7471158504486,74118,c221379d9cf3,172.18.0.6,172.7471158504486,58621,20,6bd48926,0,528.17175,0.086611636,9860.101,0.04325726,40,800,27.119999999999997,9.679999999999998
201.81667,203.5,5190,False,63811,,21,0577f57d03384375be63f5cbfd2372ad,2020-01-12_17-06-24,1578848784,3.2669973373413086,176.01411318778992,74118,c221379d9cf3,172.18.0.6,176.01411318778992,63811,21,6bd48926,0,528.8415,0.08666655,9302.378,0.04196714,40,840,25.339999999999996,9.680000000000001
201.61667,200.0,6394,False,70205,,22,0577f57d03384375be63f5cbfd2372ad,2020-01-12_17-06-27,1578848787,3.4757909774780273,179.48990416526794,74118,c221379d9cf3,172.18.0.6,179.48990416526794,70205,22,6bd48926,0,529.2013,0.086696014,6365.212,0.034693144,40,880,25.979999999999997,9.7
203.63,221.8,6330,False,76535,,23,0577f57d03384375be63f5cbfd2372ad,2020-01-12_17-06-31,1578848791,3.584472894668579,183.07437705993652,74118,c221379d9cf3,172.18.0.6,183.07437705993652,76535,23,6bd48926,0,529.9228,0.086755104,10495.947,0.044534896,40,920,27.860000000000003,9.7
203.63,nan,6253,False,82788,,24,0577f57d03384375be63f5cbfd2372ad,2020-01-12_17-06-35,1578848795,4.3187761306762695,187.3931531906128,74118,c221379d9cf3,172.18.0.6,187.3931531906128,82788,24,6bd48926,0,530.66034,0.08681546,7200.064,0.03686055,40,960,25.71666666666667,9.683333333333332
205.53,227.0,6703,False,89491,,25,0577f57d03384375be63f5cbfd2372ad,2020-01-12_17-06-38,1578848798,2.965467929840088,190.35862112045288,74118,c221379d9cf3,172.18.0.6,190.35862112045288,89491,25,6bd48926,0,531.4947,0.086883634,9013.74,0.041213952,40,1000,30.575000000000003,9.7
205.53,nan,7373,False,96864,,26,0577f57d03384375be63f5cbfd2372ad,2020-01-12_17-06-40,1578848800,2.572242498397827,192.9308636188507,74118,c221379d9cf3,172.18.0.6,192.9308636188507,96864,26,6bd48926,0,532.1716,0.08693893,7815.4395,0.038346633,40,1040,29.700000000000003,9.7
208.26999,228.4,7714,False,104578,,27,0577f57d03384375be63f5cbfd2372ad,2020-01-12_17-06-44,1578848804,3.9195635318756104,196.85042715072632,74118,c221379d9cf3,172.18.0.6,196.85042715072632,104578,27,6bd48926,0,533.00574,0.08700704,5787.86,0.03297867,40,1080,30.7,9.7
215.82002,276.5,7723,False,112301,,28,0577f57d03384375be63f5cbfd2372ad,2020-01-12_17-06-48,1578848808,3.3832786083221436,200.23370575904846,74118,c221379d9cf3,172.18.0.6,200.23370575904846,112301,28,6bd48926,0,533.9783,0.0870864,9149.482,0.041431665,40,1120,28.860000000000003,9.66
215.82002,nan,9017,False,121318,,29,0577f57d03384375be63f5cbfd2372ad,2020-01-12_17-06-51,1578848811,3.0948824882507324,203.3285882472992,74118,c221379d9cf3,172.18.0.6,203.3285882472992,121318,29,6bd48926,0,534.9989,0.08716958,8552.847,0.040021524,40,1160,28.9,9.680000000000001
236.51999,399.0,8596,False,129914,,30,0577f57d03384375be63f5cbfd2372ad,2020-01-12_17-06-55,1578848815,4.192014217376709,207.5206024646759,74118,c221379d9cf3,172.18.0.6,207.5206024646759,129914,30,6bd48926,0,535.93066,0.08724546,8056.4395,0.03880566,40,1200,26.599999999999998,9.700000000000001
253.85332,375.0,9557,False,139471,,31,0577f57d03384375be63f5cbfd2372ad,2020-01-12_17-06-59,1578848819,3.6296849250793457,211.15028738975525,74118,c221379d9cf3,172.18.0.6,211.15028738975525,139471,31,6bd48926,0,536.5618,0.08729682,7464.381,0.037320085,40,1240,30.54,9.7
269.83667,365.5,10303,False,149774,,32,0577f57d03384375be63f5cbfd2372ad,2020-01-12_17-07-03,1578848823,4.131667375564575,215.28195476531982,74118,c221379d9cf3,172.18.0.6,215.28195476531982,149774,32,6bd48926,0,537.6797,0.08738773,9749.553,0.042626776,40,1280,27.816666666666666,9.700000000000001
287.52,378.5,10853,False,160627,,33,0577f57d03384375be63f5cbfd2372ad,2020-01-12_17-07-14,1578848834,11.357322931289673,226.6392776966095,74118,c221379d9cf3,172.18.0.6,226.6392776966095,160627,33,6bd48926,0,538.54425,0.08745797,9565.735,0.042179104,40,1320,19.7625,9.7
303.23666,360.6666666666667,10846,False,171473,,34,0577f57d03384375be63f5cbfd2372ad,2020-01-12_17-07-20,1578848840,5.532388925552368,232.17166662216187,74118,c221379d9cf3,172.18.0.6,232.17166662216187,171473,34,6bd48926,0,539.23596,0.08751412,7639.4775,0.037663538,40,1360,24.9375,9.7
324.47,412.3333333333333,10337,False,181810,,35,0577f57d03384375be63f5cbfd2372ad,2020-01-12_17-07-24,1578848844,4.245643138885498,236.41730976104736,74118,c221379d9cf3,172.18.0.6,236.41730976104736,181810,35,6bd48926,0,539.7678,0.08755725,5009.432,0.030479291,40,1400,28.583333333333332,9.700000000000001
324.47,nan,10591,False,192401,,36,0577f57d03384375be63f5cbfd2372ad,2020-01-12_17-07-27,1578848847,3.347060441970825,239.7643702030182,74118,c221379d9cf3,172.18.0.6,239.7643702030182,192401,36,6bd48926,0,540.42255,0.08761034,6808.551,0.035515986,40,1440,31.440000000000005,9.680000000000001
342.05667,397.6666666666667,11437,False,203838,,37,0577f57d03384375be63f5cbfd2372ad,2020-01-12_17-07-32,1578848852,4.739411354064941,244.50378155708313,74118,c221379d9cf3,172.18.0.6,244.50378155708313,203838,37,6bd48926,0,541.219,0.087674886,9016.112,0.040845387,40,1480,26.771428571428572,9.700000000000001
357.25665,379.0,12130,False,215968,,38,0577f57d03384375be63f5cbfd2372ad,2020-01-12_17-07-36,1578848856,3.9091529846191406,248.41293454170227,74118,c221379d9cf3,172.18.0.6,248.41293454170227,215968,38,6bd48926,0,541.71185,0.08771479,4381.011,0.028451204,40,1520,31.98,9.7
375.21664,408.0,12002,False,227970,,39,0577f57d03384375be63f5cbfd2372ad,2020-01-12_17-07-40,1578848860,4.159253358840942,252.5721879005432,74118,c221379d9cf3,172.18.0.6,252.5721879005432,227970,39,6bd48926,0,542.4613,0.08777543,8145.7607,0.03877766,40,1560,29.833333333333332,9.700000000000001
387.01666,394.5,12687,False,240657,,40,0577f57d03384375be63f5cbfd2372ad,2020-01-12_17-07-46,1578848866,5.248123645782471,257.8203115463257,74118,c221379d9cf3,172.18.0.6,257.8203115463257,240657,40,6bd48926,0,543.41284,0.08785242,7830.7363,0.037994165,40,1600,25.525000000000002,9.7
389.0833,419.6666666666667,13189,False,253846,,41,0577f57d03384375be63f5cbfd2372ad,2020-01-12_17-07-51,1578848871,5.053987741470337,262.874299287796,74118,c221379d9cf3,172.18.0.6,262.874299287796,253846,41,6bd48926,0,544.12213,0.08790973,7544.115,0.037259687,40,1640,27.128571428571426,9.700000000000001
389.0833,nan,13029,False,266875,,42,0577f57d03384375be63f5cbfd2372ad,2020-01-12_17-07-54,1578848874,3.7329514026641846,266.6072506904602,74118,c221379d9cf3,172.18.0.6,266.6072506904602,266875,42,6bd48926,0,544.5646,0.08794547,6375.8853,0.034231197,40,1680,30.32,9.7
387.28333,357.0,14176,False,281051,,43,0577f57d03384375be63f5cbfd2372ad,2020-01-12_17-07-59,1578848879,4.376548528671265,270.98379921913147,74118,c221379d9cf3,172.18.0.6,270.98379921913147,281051,43,6bd48926,0,545.2631,0.08800184,7462.265,0.03701781,40,1720,32.8,9.700000000000001
389.13333,384.0,13232,False,294283,,44,0577f57d03384375be63f5cbfd2372ad,2020-01-12_17-08-04,1578848884,4.790173292160034,275.7739725112915,74118,c221379d9cf3,172.18.0.6,275.7739725112915,294283,44,6bd48926,0,545.72327,0.088038966,5392.3496,0.031447485,40,1760,27.314285714285713,9.685714285714285
395.48334,442.0,13428,False,307711,,45,0577f57d03384375be63f5cbfd2372ad,2020-01-12_17-08-08,1578848888,4.316323280334473,280.090295791626,74118,c221379d9cf3,172.18.0.6,280.090295791626,307711,45,6bd48926,0,546.47705,0.08809973,7372.601,0.036755655,40,1800,27.53333333333333,9.700000000000001
395.91666,365.0,14239,False,321950,,46,0577f57d03384375be63f5cbfd2372ad,2020-01-12_17-08-13,1578848893,4.817931890487671,284.90822768211365,74118,c221379d9cf3,172.18.0.6,284.90822768211365,321950,46,6bd48926,0,547.51025,0.08818298,9880.338,0.04252065,40,1840,29.62857142857143,9.685714285714285
395.91666,nan,14814,False,336764,,47,0577f57d03384375be63f5cbfd2372ad,2020-01-12_17-08-17,1578848897,3.8235111236572266,288.7317388057709,74118,c221379d9cf3,172.18.0.6,288.7317388057709,336764,47,6bd48926,0,548.3026,0.08824677,7854.376,0.03787562,40,1880,30.849999999999998,9.700000000000001
393.43332,387.5,14317,False,351081,,48,0577f57d03384375be63f5cbfd2372ad,2020-01-12_17-08-21,1578848901,4.623414754867554,293.3551535606384,74118,c221379d9cf3,172.18.0.6,293.3551535606384,351081,48,6bd48926,0,549.125,0.08831292,7471.288,0.0369137,40,1920,31.0,9.700000000000001
389.76666,361.0,14113,False,365194,,49,0577f57d03384375be63f5cbfd2372ad,2020-01-12_17-08-25,1578848905,4.082304954528809,297.43745851516724,74118,c221379d9cf3,172.18.0.6,297.43745851516724,365194,49,6bd48926,0,549.46704,0.08834042,7143.994,0.036069077,40,1960,30.966666666666665,9.683333333333332
389.16666,373.0,14958,False,380152,,50,0577f57d03384375be63f5cbfd2372ad,2020-01-12_17-08-30,1578848910,4.489736795425415,301.92719531059265,74118,c221379d9cf3,172.18.0.6,301.92719531059265,380152,50,6bd48926,0,549.97,0.08838085,6551.672,0.034530684,40,2000,28.75714285714286,9.700000000000001
386.36664,380.0,15004,False,395156,,51,0577f57d03384375be63f5cbfd2372ad,2020-01-12_17-08-34,1578848914,4.594617128372192,306.52181243896484,74118,c221379d9cf3,172.18.0.6,306.52181243896484,395156,51,6bd48926,0,550.5693,0.08842896,7635.8486,0.037261404,40,2040,30.25,9.683333333333332
387.96664,410.5,15288,False,410444,,52,0577f57d03384375be63f5cbfd2372ad,2020-01-12_17-08-39,1578848919,5.10567569732666,311.6274881362915,74118,c221379d9cf3,172.18.0.6,311.6274881362915,410444,52,6bd48926,0,551.435,0.08849847,8617.046,0.039561547,40,2080,29.357142857142858,9.700000000000001
386.3857,403.85714285714283,15455,False,425899,,53,0577f57d03384375be63f5cbfd2372ad,2020-01-12_17-08-46,1578848926,6.244051456451416,317.8715395927429,74118,c221379d9cf3,172.18.0.6,317.8715395927429,425899,53,6bd48926,0,552.51746,0.08858532,9919.596,0.042413082,40,2120,26.299999999999997,9.68888888888889
412.9524,622.6666666666666,15907,False,441806,,54,0577f57d03384375be63f5cbfd2372ad,2020-01-12_17-08-53,1578848933,7.353657245635986,325.2251968383789,74118,c221379d9cf3,172.18.0.6,325.2251968383789,441806,54,6bd48926,0,553.1052,0.08863242,7961.707,0.037960343,40,2160,22.18181818181818,9.690909090909091
412.9524,nan,15637,False,457443,,55,0577f57d03384375be63f5cbfd2372ad,2020-01-12_17-08-57,1578848937,4.026379823684692,329.2515766620636,74118,c221379d9cf3,172.18.0.6,329.2515766620636,457443,55,6bd48926,0,553.7478,0.08868386,5366.39,0.03114851,40,2200,30.816666666666674,9.700000000000001
437.3024,627.5,16187,False,473630,,56,0577f57d03384375be63f5cbfd2372ad,2020-01-12_17-09-03,1578848943,5.957694053649902,335.2092707157135,74118,c221379d9cf3,172.18.0.6,335.2092707157135,473630,56,6bd48926,0,554.45325,0.08874034,7160.636,0.03596001,40,2240,26.0,9.6875
442.2024,491.0,15232,False,488862,,57,0577f57d03384375be63f5cbfd2372ad,2020-01-12_17-09-08,1578848948,5.233422756195068,340.44269347190857,74118,c221379d9cf3,172.18.0.6,340.44269347190857,488862,57,6bd48926,0,555.348,0.0888119,6532.588,0.03432497,40,2280,27.6,9.7
446.25238,405.5,17031,False,505893,,58,0577f57d03384375be63f5cbfd2372ad,2020-01-12_17-09-14,1578848954,5.778334140777588,346.22102761268616,74118,c221379d9cf3,172.18.0.6,346.22102761268616,505893,58,6bd48926,0,556.29114,0.08888726,7442.635,0.036608398,40,2320,27.7625,9.7
449.2024,417.0,16668,False,522561,,59,0577f57d03384375be63f5cbfd2372ad,2020-01-12_17-09-20,1578848960,6.006792783737183,352.22782039642334,74118,c221379d9cf3,172.18.0.6,352.22782039642334,522561,59,6bd48926,0,556.86786,0.08893333,4380.9927,0.02806307,40,2360,26.325,9.7
449.2024,nan,864968,True,1387529,,60,0577f57d03384375be63f5cbfd2372ad,2020-01-12_18-00-23,1578852023,3062.328139066696,3414.5559594631195,74118,c221379d9cf3,172.18.0.6,3414.5559594631195,1387529,60,6bd48926,0,557.5422,0.08898716,7265.669,0.036121156,40,2400,34.27070545121393,14.415643609711406
